head_pan_joint: -0.016552842705291115
head_tilt_joint:  0.7287556667322448
l_elbow_flex_joint: -0.1502452052543597
l_forearm_roll_joint:  2.05374050704
l_shoulder_lift_joint:  1.2951859994880797
l_shoulder_pan_joint:  1.8567671758192446
l_upper_arm_roll_joint:  1.494246189291399
l_wrist_flex_joint: -0.24070765558196916
l_wrist_roll_joint:  6.11927676151
r_elbow_flex_joint: -2.1212999999999798
r_forearm_roll_joint:  2.318785555878372
r_shoulder_lift_joint:  1.29629999999999
r_shoulder_pan_joint: -1.176023219641931
r_upper_arm_roll_joint: -1.7376488699783963
r_wrist_flex_joint: -0.8081474558619817
r_wrist_roll_joint:  4.071155346272632
torso_lift_joint:  0.3249999999999974