head_pan_joint: -0.016552842705291115
head_tilt_joint: 0.7287556667322448
l_elbow_flex_joint: -0.1502452052543597
l_forearm_roll_joint: 2.05374050704
l_shoulder_lift_joint: 1.2951859994880797
l_shoulder_pan_joint: 1.8567671758192446
l_upper_arm_roll_joint: 1.494246189291399
l_wrist_flex_joint: -0.24070765558196916
l_wrist_roll_joint: 6.11927676151
r_elbow_flex_joint: -1.4953985882425826
r_forearm_roll_joint: 3.0022479946914573
r_shoulder_lift_joint: 0.25126346693807444
r_shoulder_pan_joint: -0.25820873922018883
r_upper_arm_roll_joint: -1.1877300969987825
r_wrist_flex_joint: -1.1633076388615808
r_wrist_roll_joint: 4.330367115118261
torso_lift_joint: 0.3153778459093384